 ==== I-TLB ====
 # CTXT ------- VA ------- PID V SZ R NFO IE ------- PA ------- L CP CV E P W U
 0 0000 0x0000000080000000  1  1 0  1  0  0  0x0000000080000000 0  1  0 0 1 1 0
 1 0000 0x0000000000004000  1  1 0  0  0  0  0x0000000080404000 0  1  1 0 1 1 0
 2 0000 0x0000000000010000  1  1 0  0  0  0  0x0000000080410000 0  1  1 0 1 1 0
 3 0000 0x0000000000380000  1  1 0  0  0  0  0x0000000080780000 0  1  1 0 1 1 0
 4 0000 0x0000000000382000  1  1 0  0  0  0  0x0000000080782000 0  1  1 0 1 1 0
 5 0000 0x0000000000384000  1  1 0  0  0  0  0x0000000080784000 0  1  1 0 1 1 0
 6 0000 0x000000000038a000  1  1 0  0  0  0  0x000000008078a000 0  1  1 0 1 1 0
 7 0000 0x0000000000388000  1  1 0  0  0  0  0x0000000080788000 0  1  1 0 1 1 0
 8 0000 0x0000000000386000  1  1 0  0  0  0  0x0000000080786000 0  1  1 0 1 1 0
 9 0000 0x00000000f0000000  1  1 3  0  0  0  0x0000080080000000 1  1  1 0 1 1 0
10 0000 0x000000000038e000  1  1 0  0  0  0  0x000000008078e000 0  1  1 0 1 1 0
11 0000 0x000000000038c000  1  1 0  0  0  0  0x000000008078c000 0  1  1 0 1 1 0
12 0000 0x0000000000394000  1  1 0  0  0  0  0x0000000080794000 0  1  1 0 1 1 0
13 0000 0x0000000000392000  1  1 0  0  0  0  0x0000000080792000 0  1  1 0 1 1 0
14 0000 0x0000000000390000  1  1 0  0  0  0  0x0000000080790000 0  1  1 0 1 1 0
15 0000 0x0000000000000000  0  0 0  0  0  0  0x0000000000000000 0  0  0 0 0 0 0
16 0000 0x0000000000000000  0  0 0  0  0  0  0x0000000000000000 0  0  0 0 0 0 0
17 0000 0x0000000000000000  0  0 0  0  0  0  0x0000000000000000 0  0  0 0 0 0 0
18 0000 0x0000000000000000  0  0 0  0  0  0  0x0000000000000000 0  0  0 0 0 0 0